36
0
46
78
92
70
33
7
54
22
53
87
89
50
33
2
14
56
54
14
98
96
73
16
75
82
55
0
78
90
67
66
55
14
64
3
46
51
19
77
34
0
0
80
76
57
86
38
30
52
90
82
68
14
64
6
88
20
48
18
86
12
92
17
88
80
63
47
13
19
51
36
25
64
20
81
45
56
17
49
41
94
44
15
13
45
89
91
94
66
93
71
90
77
49
68
50
11
78
66
29
86
27
93
2
61
74
34
37
78
25
94
71
51
61
65
46
77
38
7
95
76
13
85
22
51
13
43
70
79
25
63
32
64
85
42
93
24
1
54
39
49
23
72
56
78
44
59
31
10
61
71
25
84
92
76
15
7
86
35
10
66
37
79
71
44
15
36
50
44
70
30
64
11
95
53
60
55
41
14
7
83
87
13
86
80
14
53
53
73
58
62
51
94
73
70
81
92
73
60
69
37
43
65
99
66
8
93
43
23
21
90
58
58
99
91
68
64
64
72
71
13
82
74
69
15
85
52
7
2
41
37
86
68
26
28
69
40
19
26
57
65
11
26
21
37
15
12
9
59
17
29
9
43
70
42
44
24
22
84
56
68
65
75
73
32
14
63
37
74
41
65
58
58
31
67
8
61
77
40
67
1
18
55
68
34
85
74
48
69
67
50
50
72
58
10
18
25
96
10
32
17
99
35
50
65
85
84
14
71
82
44
68
31
49
95
80
80
16
18
21
91
24
0
85
23
84
43
41
52
94
56
37
7
52
15
30
70
14
11
80
57
50
54
98
64
12
84
12
71
95
15
28
81
89
28
62
81
83
36
11
93
58
38
17
65
35
13
20
86
25
93
5
32
64
12
4
25
74
15
61
77
46
43
95
76
19
54
24
18
10
47
38
11
48
43
28
54
43
65
9
8
14
53
53
24
45
76
73
97
72
52
10
36
77
8
87
50
32
20
64
18
86
15
67
50
26
24
77
64
73
83
38
97
2
9
62
1
10
40
55
32
12
83
32
49
51
49
13
18
11
52
18
17
27
52
50
38
38
69
80
66
1
51
5
96
56
14
1
70
0
39
93
47
12
23
2
28
18
38
55
10
33
10
97
79
89
22
63
84
39
10
46
31
34
82
11
93
88
43
73
53
74
62
83
53
64
0
25
21
48
19
59
26
56
60
18
16
76
65
71
56
26
26
19
73
86
31
57
5
82
17
68
33
27
27
24
47
38
40
92
60
85
60
71
14
79
48
0
35
79
98
56
25
54
49
6
62
67
61
13
12
47
16
66
37
2
95
82
16
72
97
76
57
19
73
84
7
58
50
59
94
71
23
15
7
63
85
96
60
74
54
33
56
2
8
92
87
80
99
36
60
93
28
49
12
4
23
59
53
10
31
36
63
84
14
37
14
93
24
20
9
31
2
43
99
91
44
9
25
45
62
94
0
74
92
78
25
17
21
75
47
90
31
67
19
86
42
44
51
4
27
63
14
65
15
1
5
14
29
18
72
44
80
0
51
21
78
19
75
34
51
19
9
90
50
71
82
4
51
70
34
81
53
60
79
17
14
86
97
8
66
55
12
59
45
50
38
68
86
53
40
31
21
5
59
2
63
49
76
92
61
81
26
43
43
84
24
51
36
85
71
80
12
43
37
80
41
48
96
7
35
0
90
31
75
75
46
35
3
48
57
72
28
75
87
59
25
74
49
27
48
40
80
91
99
70
43
48
17
34
9
12
90
71
70
72
1
87
6
20
46
81
93
12
73
78
6
88
94
75
1
5
6
9
59
7
50
2
26
30
31
44
18
53
47
78
16
40
56
36
98
53
15
56
68
54
15
28
6
37
87
90
86
12
66
14
28
82
94
52
34
84
85
78
66
65
1
6
93
55
99
45
58
87
31
20
42
4
46
55
91
13
28
96
59
13
32
94
48
11
91
42
54
44
30
76
98
45
25
79
79
35
33
20
74
53
17
73
34
79
82
81
10
53
52
96
79
16
61
81
87
83
20
76
24
91
42
38
49
87
7
36
22
6
56
44
92
83
34
20
2
71
75
85
6
31
24
15
99
45
99
11
95
77
38
81
74
61
41
1
20
5
26
22
32
90
68
49
81
13
98
60
56
28
89
83
36
86
64
85
4
48
80
31
51
77
41
98
78
74
80
59
93
78
31
60
52
88
39
83
35
92
9
66
70
70
89
18
95
15
35
21
28
68
59
7
0
79
80
58
62
57
45
53
99
91
90
55
74
95
30
90
45
7
62
42
66
84
9
